0.919998 0.09973
0.919998 0.19973
0.919983 0.29973
0.919983 0.39973
0.919983 0.49973
0.920044 0.59973
0.920044 0.69973
0.920044 0.79973
0.920044 0.89973
0.920044 0.99973
0.920044 1.09973
0.930054 1.19973
0.930054 1.29973
0.930054 1.39973
0.930054 1.49973
0.930054 1.59973
0.930054 1.69973
0.930054 1.79973
0.930054 1.89973
0.930054 1.99973
0.929932 2.09973
0.929932 2.19973
0.929932 2.29973
0.929932 2.39973
0.929932 2.49973
0.929932 2.59973
0.929932 2.69973
0.929932 2.79973
0.929932 2.89973
0.939941 2.99973
0.939941 3.09973
0.939941 3.19973
0.939941 3.29973
0.939941 3.39973
0.939941 3.49973
0.939941 3.59973
0.939941 3.69973
0.939941 3.79973
0.939941 3.89973
0.939941 3.99973
0.939941 4.09973
0.939941 4.19973
0.939941 4.29973
0.939941 4.39973
0.939941 4.49973
0.939941 4.59973
0.939941 4.69973
0.950195 4.79973
0.950195 4.89973
0.950195 4.99973
0.950195 5.09973
0.950195 5.19973
0.950195 5.29973
0.950195 5.39973
0.950195 5.49973
0.950195 5.59973
0.950195 5.69973
0.950195 5.79973
0.950195 5.89973
0.950195 5.99973
0.950195 6.09973
0.950195 6.19973
0.950195 6.29973
0.950195 6.39973
0.959961 6.49973
0.959961 6.59973
0.959961 6.69973
0.959961 6.79973
0.959961 6.89973
0.959961 6.99973
0.959961 7.09973
0.959961 7.19973
0.959961 7.29973
0.959961 7.39973
0.959961 7.49973
0.959961 7.59973
0.959961 7.69973
0.959961 7.79973
0.959961 7.89973
0.959961 7.99973
0.959961 8.09973
0.969727 8.19973
0.969727 8.29973
0.969727 8.39973
0.969727 8.49973
0.969727 8.59973
0.969727 8.69973
0.969727 8.79973
0.969727 8.89973
0.969727 8.99973
0.969727 9.09973
0.969727 9.19973
0.969727 9.29973
0.969727 9.39973
0.969727 9.49973
0.969727 9.59973
0.979492 9.69973
0.979492 9.79973
0.979492 9.89973
0.979492 9.99973
0.979492 10.0997
0.979492 10.1997
0.979492 10.2997
0.979492 10.3997
0.979492 10.4997
0.979492 10.5997
0.979492 10.6997
0.979492 10.7997
0.979492 10.8997
0.979492 10.9997
0.979492 11.0997
0.979492 11.1997
0.989258 11.2997
0.989258 11.3997
0.989258 11.4997
0.989258 11.5997
0.989258 11.6997
0.989258 11.7997
0.989258 11.8997
0.989258 11.9997
0.989258 12.0997
0.989258 12.1997
0.989258 12.2997
0.989258 12.3997
0.989258 12.4997
0.989258 12.5997
1 12.6997
1 12.7997
1 12.8997
1 12.9997
1 13.0997
1 13.1997
1 13.2997
1 13.3997
1 13.4997
1 13.5997
1 13.6997
1 13.7997
1 13.8997
1 13.9997
1.00977 14.0997
1.00977 14.1997
1.00977 14.2997
1.00977 14.3997
1.00977 14.4997
1.00977 14.5997
1.00977 14.6997
1.00977 14.7997
1.00977 14.8997
1.00977 14.9997
1.00977 15.0997
1.00977 15.1997
1.00977 15.2997
1.00977 15.3997
1.01953 15.4997
1.01953 15.5997
1.01953 15.6997
1.01953 15.7997
1.01953 15.8997
1.01953 15.9997
1.01953 16.0997
1.01953 16.1997
1.01953 16.2997
1.01953 16.3997
1.01953 16.4997
1.01953 16.5997
1.01953 16.6997
1.0293 16.7997
1.0293 16.8997
1.0293 16.9997
1.0293 17.0997
1.0293 17.1997
1.0293 17.2997
1.0293 17.3997
1.0293 17.4997
1.0293 17.5997
1.0293 17.6997
1.0293 17.7997
1.0293 17.8997
1.03906 17.9997
1.03906 18.0997
1.03906 18.1997
1.03906 18.2997
1.03906 18.3997
1.03906 18.4997
1.03906 18.5997
1.03906 18.6997
1.03906 18.7997
1.03906 18.8997
1.03906 18.9997
1.03906 19.0997
1.03906 19.1997
1.04883 19.2997
1.04883 19.3997
1.04883 19.4997
1.04883 19.5997
1.04883 19.6997
1.04883 19.7997
1.04883 19.8997
1.04883 19.9997
1.04883 20.0997
1.04883 20.1997
1.04883 20.2997
1.04883 20.3997
1.05859 20.4997
1.05859 20.5997
1.05859 20.6997
1.05859 20.7997
1.05859 20.8997
1.05859 20.9997
1.05859 21.0997
1.05859 21.1997
1.05859 21.2997
1.05859 21.3997
1.05859 21.4997
1.07031 21.5997
1.07031 21.6997
1.07031 21.7997
1.07031 21.8997
1.07031 21.9997
1.07031 22.0997
1.07031 22.1997
1.07031 22.2997
1.07031 22.3997
1.07031 22.4997
1.07031 22.5997
1.07031 22.6997
1.08008 22.7997
1.08008 22.8997
1.08008 22.9997
1.08008 23.0997
1.08008 23.1997
1.08008 23.2997
1.08008 23.3997
1.08008 23.4997
1.08008 23.5997
1.08008 23.6997
1.08008 23.7997
1.08984 23.8997
1.08984 23.9997
1.08984 24.0997
1.08984 24.1997
1.08984 24.2997
1.08984 24.3997
1.08984 24.4997
1.08984 24.5997
1.08984 24.6997
1.08984 24.7997
1.08984 24.8997
1.09961 24.9997
1.09961 25.0997
1.09961 25.1997
1.09961 25.2997
1.09961 25.3997
1.09961 25.4997
1.09961 25.5997
1.09961 25.6997
1.09961 25.7997
1.09961 25.8997
1.09961 25.9997
1.10938 26.0997
1.10938 26.1997
1.10938 26.2997
1.10938 26.3997
1.10938 26.4997
1.10938 26.5997
1.10938 26.6997
1.10938 26.7997
1.10938 26.8997
1.10938 26.9997
1.10938 27.0997
1.10938 27.1997
1.10938 27.2997
1.10938 27.3997
1.10938 27.4997
1.10938 27.5997
1.10938 27.6997
1.10938 27.7997
1.10938 27.8997
1.10938 27.9997
1.10938 28.0997
1.10938 28.1997
1.10938 28.2997
1.10938 28.3997
1.10938 28.4997
1.10938 28.5997
1.10938 28.6997
1.10938 28.7997
1.10938 28.8997
1.10938 28.9997
1.10938 29.0997
1.10938 29.1997
1.10938 29.2997
1.10938 29.3997
1.10938 29.4997
1.10938 29.5997
1.10938 29.6997
1.10938 29.7997
1.10938 29.8997
1.10938 29.9997
1.10938 30.0997
1.10938 30.1997
1.10938 30.2997
1.10938 30.3997
1.10938 30.4997
1.10938 30.5997
1.10938 30.6997
1.10938 30.7997
1.10938 30.8997
1.10938 30.9997
1.10938 31.0997
1.10938 31.1997
1.10938 31.2997
1.10938 31.3997
1.10938 31.4997
1.10938 31.5997
1.10938 31.6997
1.10938 31.7997
1.10938 31.8997
1.10938 31.9997
1.10938 32.0997
1.10938 32.1997
1.10938 32.2997
1.10938 32.3997
1.10938 32.4997
1.10938 32.5997
1.10938 32.6997
1.10938 32.7997
1.10938 32.8997
1.10938 32.9997
1.10938 33.0997
1.10938 33.1997
1.10938 33.2997
1.10938 33.3997
1.10938 33.4997
1.10938 33.5997
1.10938 33.6997
1.10938 33.7997
1.10938 33.8997
1.10938 33.9997
1.10938 34.0997
1.10938 34.1997
1.10938 34.2997
1.10938 34.3997
1.10938 34.4997
1.10938 34.5997
1.10938 34.6997
1.10938 34.7997
1.10938 34.8997
1.10938 34.9997
1.10938 35.0997
1.10938 35.1997
1.10938 35.2997
1.10938 35.3997
1.10938 35.4997
1.10938 35.5997
1.10938 35.6997
1.10938 35.7997
1.10938 35.8997
1.10938 35.9997
1.10938 36.0997
1.10938 36.1997
1.10938 36.2997
1.10938 36.3997
1.10938 36.4997
1.10938 36.5997
1.10938 36.6997
1.10938 36.7997
1.10938 36.8997
1.10938 36.9997
1.10938 37.0997
1.10938 37.1997
1.10938 37.2997
1.10938 37.3997
1.10938 37.4997
1.10938 37.5997
1.10938 37.6997
1.10938 37.7997
1.10938 37.8997
1.10938 37.9997
1.10938 38.0997
1.10938 38.1997
1.10938 38.2997
1.10938 38.3997
1.10938 38.4997
1.10938 38.5997
1.10938 38.6997
1.10938 38.7997
1.10938 38.8997
1.10938 38.9997
1.10938 39.0997
1.10938 39.1997
1.10938 39.2997
1.10938 39.3997
1.10938 39.4997
1.10938 39.5997
1.10938 39.6997
1.10938 39.7997
1.10938 39.8997
1.10938 39.9997
1.10938 40.0997
1.10938 40.1997
1.10938 40.2997
1.10938 40.3997
1.10938 40.4997
1.10938 40.5997
1.10938 40.6997
1.10938 40.7997
1.10938 40.8997
1.10938 40.9997
1.10938 41.0997
1.10938 41.1997
1.10938 41.2997
1.10938 41.3997
1.10938 41.4997
1.10938 41.5997
1.10938 41.6997
1.10938 41.7997
1.10938 41.8997
1.10938 41.9997
1.10938 42.0997
1.10938 42.1997
1.10938 42.2997
1.10938 42.3997
1.10938 42.4997
1.10938 42.5997
1.10938 42.6997
1.10938 42.7997
1.10938 42.8997
1.10938 42.9997
1.10938 43.0997
1.10938 43.1997
1.10938 43.2997
1.10938 43.3997
1.10938 43.4997
1.10938 43.5997
1.10938 43.6997
1.10938 43.7997
1.10938 43.8997
1.10938 43.9997
1.10938 44.0997
1.10938 44.1997
1.10938 44.2997
1.10938 44.3997
1.10938 44.4997
1.10938 44.5997
1.10938 44.6997
1.10938 44.7997
1.10938 44.8997
1.10938 44.9997
1.10938 45.0997
1.10938 45.1997
1.10938 45.2997
1.10938 45.3997
1.10938 45.4997
1.10938 45.5997
1.10938 45.6997
1.10938 45.7997
1.10938 45.8997
1.10938 45.9997
1.10938 46.0997
1.10938 46.1997
1.10938 46.2997
1.10938 46.3997
1.10938 46.4997
1.10938 46.5997
1.10938 46.6997
1.10938 46.7997
1.10938 46.8997
1.10938 46.9997
1.10938 47.0997
1.10938 47.1997
1.10938 47.2997
1.10938 47.3997
1.10938 47.4997
1.10938 47.5997
1.10938 47.6997
1.10938 47.7997
1.10938 47.8997
1.10938 47.9997
1.10938 48.0997
1.10938 48.1997
1.10938 48.2997
1.10938 48.3997
1.10938 48.4997
1.10938 48.5997
1.10938 48.6997
1.10938 48.7997
1.10938 48.8997
1.10938 48.9997
1.10938 49.0997
1.10938 49.1997
1.10938 49.2997
1.10938 49.3997
1.10938 49.4997
1.10938 49.5997
1.10938 49.6997
1.10938 49.7997
1.10938 49.8997
1.10938 49.9997
1.10938 50.0997
1.10938 50.1997
1.10938 50.2997
1.10938 50.3997
1.10938 50.4997
1.10938 50.5997
1.10938 50.6997
1.10938 50.7997
1.10938 50.8997
1.10938 50.9997
1.10938 51.0997
1.10938 51.1997
1.10938 51.2997
1.10938 51.3997
1.10938 51.4997
1.10938 51.5997
1.10938 51.6997
1.10938 51.7997
1.10938 51.8997
1.10938 51.9997
1.10938 52.0997
1.10938 52.1997
1.10938 52.2997
1.10938 52.3997
1.10938 52.4997
1.10938 52.5997
1.10938 52.6997
1.10938 52.7997
1.10938 52.8997
1.10938 52.9997
1.10938 53.0997
1.10938 53.1997
1.10938 53.2997
1.10938 53.3997
1.10938 53.4997
1.10938 53.5997
1.10938 53.6997
1.10938 53.7997
1.10938 53.8997
1.10938 53.9997
1.10938 54.0997
1.10938 54.1997
1.10938 54.2997
1.10938 54.3997
1.10938 54.4997
1.10938 54.5997
1.10938 54.6997
1.10938 54.7997
1.10938 54.8997
1.10938 54.9997
1.10938 55.0997
1.10938 55.1997
1.10938 55.2997
1.10938 55.3997
1.10938 55.4997
1.10938 55.5997
1.10938 55.6997
1.10938 55.7997
1.10938 55.8997
1.10938 55.9997
1.10938 56.0997
1.10938 56.1997
1.10938 56.2997
1.10938 56.3997
1.10938 56.4997
1.10938 56.5997
1.10938 56.6997
1.10938 56.7997
1.10938 56.8997
1.10938 56.9997
1.10938 57.0997
1.10938 57.1997
1.10938 57.2997
1.10938 57.3997
1.10938 57.4997
1.10938 57.5997
1.10938 57.6997
1.10938 57.7997
1.10938 57.8997
1.10938 57.9997
1.10938 58.0997
1.10938 58.1997
1.10938 58.2997
1.10938 58.3997
1.10938 58.4997
1.10938 58.5997
1.10938 58.6997
1.10938 58.7997
1.10938 58.8997
1.10938 58.9997
1.10938 59.0997
1.10938 59.1997
1.10938 59.2997
1.10938 59.3997
1.10938 59.4997
1.10938 59.5997
1.10938 59.6997
1.10938 59.7997
1.10938 59.8997
1.10938 59.9997
1.10938 60.0997
1.10938 60.1997
1.10938 60.2997
1.10938 60.3997
1.10938 60.4997
1.10938 60.5997
1.10938 60.6997
1.10938 60.7997
1.10938 60.8997
1.10938 60.9997
1.10938 61.0997
1.10938 61.1997
1.10938 61.2997
1.10938 61.3997
1.10938 61.4997
1.10938 61.5997
1.10938 61.6997
1.10938 61.7997
1.10938 61.8997
1.10938 61.9997
1.10938 62.0997
1.10938 62.1997
1.10938 62.2997
1.10938 62.3997
1.10938 62.4997
1.10938 62.5997
1.10938 62.6997
1.10938 62.7997
1.10938 62.8997
1.10938 62.9997
1.10938 63.0997
1.10938 63.1997
1.10938 63.2997
1.10938 63.3997
1.10938 63.4997
1.10938 63.5997
1.10938 63.6997
1.10938 63.7997
1.10938 63.8997
1.10938 63.9997
1.10938 64.0997
1.10938 64.1997
1.10938 64.2997
1.10938 64.3997
1.10938 64.4997
1.10938 64.5997
1.10938 64.6997
1.10938 64.7997
1.10938 64.8997
1.10938 64.9997
1.10938 65.0997
1.10938 65.1997
1.10938 65.2997
1.10938 65.3997
1.10938 65.4997
1.11719 65.5997
1.11719 65.6997
1.11719 65.7997
1.11719 65.8997
1.11719 65.9997
1.11719 66.0997
1.11719 66.1997
1.11719 66.2997
1.11719 66.3997
1.11719 66.4997
1.11719 66.5997
1.11719 66.6997
1.11719 66.7997
1.11719 66.8997
1.11719 66.9997
1.11719 67.0997
1.11719 67.1997
1.11719 67.2997
1.11719 67.3997
1.11719 67.4997
1.11719 67.5997
1.11719 67.6997
1.11719 67.7997
1.11719 67.8997
1.11719 67.9997
1.11719 68.0997
1.11719 68.1997
1.11719 68.2997
1.11719 68.3997
1.11719 68.4997
1.11719 68.5997
1.11719 68.6997
1.11719 68.7997
1.11719 68.8997
1.11719 68.9997
1.10156 69.0997
1.10156 69.1997
1.10156 69.2997
1.10156 69.3997
1.10156 69.4997
1.10156 69.5997
1.10156 69.6997
1.10156 69.7997
1.10156 69.8997
1.10156 69.9997
1.10156 70.0997
1.10156 70.1997
1.10156 70.2997
1.10156 70.3997
1.10156 70.4997
1.10156 70.5997
1.10156 70.6997
1.10156 70.7997
1.10156 70.8997
1.10156 70.9997
1.10156 71.0997
1.10156 71.1997
1.10156 71.2997
1.10156 71.3997
1.10156 71.4997
1.10156 71.5997
1.10156 71.6997
1.10156 71.7997
1.10156 71.8997
1.10156 71.9997
1.10156 72.0997
1.10156 72.1997
1.10156 72.2997
1.10156 72.3997
1.10156 72.4997
1.10156 72.5997
1.10156 72.6997
1.10156 72.7997
1.10156 72.8997
1.10156 72.9997
1.10156 73.0997
1.10156 73.1997
1.10156 73.2997
1.10156 73.3997
1.10156 73.4997
1.10156 73.5997
1.10156 73.6997
1.10156 73.7997
1.10156 73.8997
1.10156 73.9997
1.10156 74.0997
1.10156 74.1997
1.10156 74.2997
1.10156 74.3997
1.10156 74.4997
1.10156 74.5997
1.10156 74.6997
1.10156 74.7997
1.10156 74.8997
1.10156 74.9997
1.10156 75.0997
1.10156 75.1997
1.10156 75.2997
1.10156 75.3997
1.10156 75.4997
1.10156 75.5997
1.10156 75.6997
1.10156 75.7997
1.10156 75.8997
1.10156 75.9997
1.10156 76.0997
1.10156 76.1997
1.10156 76.2997
1.10156 76.3997
1.10156 76.4997
1.10156 76.5997
1.10156 76.6997
1.10156 76.7997
1.10156 76.8997
1.10156 76.9997
1.10156 77.0997
1.10156 77.1997
1.10156 77.2997
1.10156 77.3997
1.10156 77.4997
1.10156 77.5997
1.10156 77.6997
1.10156 77.7997
1.10156 77.8997
1.10156 77.9997
1.10156 78.0997
1.10156 78.1997
1.10156 78.2997
1.10156 78.3997
1.10156 78.4997
1.10156 78.5997
1.10156 78.6997
1.10156 78.7997
1.10156 78.8997
1.10156 78.9997
1.10156 79.0997
1.10156 79.1997
1.10156 79.2997
1.10156 79.3997
1.10156 79.4997
1.10156 79.5997
1.10156 79.6997
1.10156 79.7997
1.10156 79.8997
1.10156 79.9997
1.10156 80.0997
1.10156 80.1997
1.10156 80.2997
1.10156 80.3997
1.10156 80.4997
1.10156 80.5997
1.10156 80.6997
1.10156 80.7997
1.10156 80.8997
1.10156 80.9997
1.10156 81.0997
1.10156 81.1997
1.10156 81.2997
1.10156 81.3997
1.10156 81.4997
1.10156 81.5997
1.10156 81.6997
1.10156 81.7997
1.10156 81.8997
1.10156 81.9997
1.10156 82.0997
1.10156 82.1997
1.10156 82.2997
1.10156 82.3997
1.10156 82.4997
1.10156 82.5997
1.10156 82.6997
1.10156 82.7997
1.10156 82.8997
1.10156 82.9997
1.10156 83.0997
1.10156 83.1997
1.10156 83.2997
1.10156 83.3997
1.10156 83.4997
1.10156 83.5997
1.10156 83.6997
1.10156 83.7997
1.10156 83.8997
1.10156 83.9997
1.10156 84.0997
1.10156 84.1997
1.10156 84.2997
1.10156 84.3997
1.10156 84.4997
1.10156 84.5997
1.10156 84.6997
1.10156 84.7997
1.10156 84.8997
1.10156 84.9997
1.10156 85.0997
1.10156 85.1997
1.10156 85.2997
1.10156 85.3997
1.10156 85.4997
1.10156 85.5997
1.10156 85.6997
1.10156 85.7997
1.10156 85.8997
1.10156 85.9997
1.10156 86.0997
1.10156 86.1997
1.10156 86.2997
1.10156 86.3997
1.10156 86.4997
1.10156 86.5997
1.10156 86.6997
1.10156 86.7997
1.10156 86.8997
1.10156 86.9997
1.10156 87.0997
1.10156 87.1997
1.10156 87.2997
1.10156 87.3997
1.10156 87.4997
1.10156 87.5997
1.10156 87.6997
1.10156 87.7997
1.10156 87.8997
1.10156 87.9997
1.10156 88.0997
1.10156 88.1997
1.10156 88.2997
1.10156 88.3997
1.10156 88.4997
1.10156 88.5997
1.10156 88.6997
1.10156 88.7997
1.10156 88.8997
1.10156 88.9997
1.10156 89.0997
1.10156 89.1997
1.10156 89.2997
1.10156 89.3997
1.10156 89.4997
1.10156 89.5997
1.10156 89.6997
1.10156 89.7997
1.10156 89.8997
1.10156 89.9997
1.10156 90.0997
1.10156 90.1997
1.10156 90.2997
1.10156 90.3997
1.10156 90.4997
1.10156 90.5997
1.10156 90.6997
1.10156 90.7997
1.10156 90.8997
1.10156 90.9997
1.10156 91.0997
1.10156 91.1997
1.10156 91.2997
1.10156 91.3997
1.10156 91.4997
1.10156 91.5997
1.10156 91.6997
1.10156 91.7997
1.10156 91.8997
1.10156 91.9997
1.10156 92.0997
1.10156 92.1997
1.10156 92.2997
1.10156 92.3997
1.10156 92.4997
1.10156 92.5997
1.10156 92.6997
1.10156 92.7997
1.10156 92.8997
1.10156 92.9997
1.10156 93.0997
1.10156 93.1997
1.10156 93.2997
1.10156 93.3997
1.10156 93.4997
1.10156 93.5997
1.10156 93.6997
1.10156 93.7997
1.10156 93.8997
1.10156 93.9997
1.10156 94.0997
1.10156 94.1997
1.10156 94.2997
1.10156 94.3997
1.10156 94.4997
1.10156 94.5997
1.10156 94.6997
1.10156 94.7997
1.10156 94.8997
1.10156 94.9997
1.10156 95.0997
1.10156 95.1997
1.10156 95.2997
1.10156 95.3997
1.10156 95.4997
1.10156 95.5997
1.10156 95.6997
1.10156 95.7997
1.10156 95.8997
1.10156 95.9997
1.10156 96.0997
1.10156 96.1997
1.10156 96.2997
1.10156 96.3997
1.10156 96.4997
1.10156 96.5997
1.10156 96.6997
1.10156 96.7997
1.10156 96.8997
1.10156 96.9997
1.10156 97.0997
1.10156 97.1997
1.10156 97.2997
1.10156 97.3997
1.10156 97.4997
1.10156 97.5997
1.10156 97.6997
1.10156 97.7997
1.10156 97.8997
1.10156 97.9997
1.10156 98.0997
1.10156 98.1997
1.10156 98.2997
1.10156 98.3997
1.10156 98.4997
1.10156 98.5997
1.10156 98.6997
1.10156 98.7997
1.10156 98.8997
1.10156 98.9997
1.10156 99.0997
1.10156 99.1997
1.10156 99.2997
1.10156 99.3997
1.10156 99.4997
1.10156 99.5997
1.10156 99.6997
1.10156 99.7997
1.10156 99.8997
